==============================
P(D0): 
({x0}, (0.0468771, 0.0359956, 0.0104985, 0.0571605, 0.027382, 0.0250264, 0.0940406, 0.0918261, 0.0211725, 0.00439436, 0.0915112, 0.0911236, 0.076216, 0.0814809, 0.0258378, 0.0546833, 0.0160056, 0.0685203, 0.00360788, 0.0589996, 0.0176401))

P(A0): 
({x1}, (0.203898, 0.024625, 0.170735, 0.248294, 0.117253, 0.235195))
==============================
P(Dt|At,Dt-1 = 0): 
0.0572957 0.00511101 0.0265545 0.0165159 0.0276496 0.0602373 
0.0830586 0.0252593 0.0708886 0.0363083 0.0823187 0.00684174 
0.0071241 0.113214 0.0256597 0.0492746 0.0296773 0.0127245 
0.00948261 0.0545107 0.0504731 0.106177 0.00913233 0.0119427 
0.0244311 0.119523 0.00156037 0.0488179 0.0309127 0.034651 
0.00203882 0.0652118 0.0746451 0.0226408 0.0175706 0.0638156 
0.0128253 0.0627613 0.0210647 0.0669769 0.0614019 0.0437219 
0.0338045 0.0590964 0.0348432 0.00353268 0.0451079 0.0265474 
0.070026 0.00366392 0.0876497 0.0748036 0.0628289 0.0726179 
0.0878106 0.0788196 0.0458161 0.0255428 0.093013 0.0227706 
0.077804 0.00514119 0.0727627 0.00357107 0.0632679 0.0375026 
0.0798035 0.0408879 0.0141889 0.0150442 0.0941874 0.0682199 
0.0791411 0.0178122 0.0664543 0.0863256 0.00848391 0.037112 
0.0757489 0.0886917 0.0720156 0.106002 0.0500313 0.0811921 
0.0317231 0.0382191 0.0455929 0.0972402 0.0537125 0.0987947 
0.0437126 0.01038 0.0779222 0.0207487 0.0809865 0.0559993 
0.0762474 0.0519145 0.07341 0.0204081 0.0660834 0.026248 
0.00210852 0.103546 0.00639328 0.0698188 0.0200366 0.067541 
0.0531161 0.00955151 0.0216341 0.0118039 0.00408844 0.0559996 
0.0125275 0.0428568 0.0848743 0.00494065 0.0913232 0.0257981 
0.0801698 0.00382767 0.0255967 0.113507 0.00818599 0.0897222 

==============================
P(At|At-1,Dt-1 = 0): 
0.0477851 0.0985175 0.255547 0.193496 0.217171 0.12091 
0.318511 0.0794858 0.0750992 0.183785 0.0797224 0.412667 
0.0799208 0.22496 0.183661 0.123517 0.313357 0.106862 
0.358826 0.165106 0.00694148 0.257993 0.133073 0.0431734 
0.0786074 0.203222 0.16842 0.176197 0.111065 0.189422 
0.11635 0.228709 0.310332 0.0650114 0.145611 0.126966 

================================
P(Ot|At = ): 
0.221907 0.131159 0.0392585 0.0714579 0.172932 0.164775 
0.176233 0.214631 0.115113 0.276428 0.0117085 0.0529513 
0.0377325 0.205203   0.2021 0.317778 0.372096 0.191365 
0.360776 0.00306076 0.216632 0.00615643 0.106911 0.283104 
5.87833e-05 0.309105 0.0889656  0.19371 0.0303519 0.230508 
0.203293 0.136842 0.337932 0.134469 0.306001 0.0772977 
================================
